image: irl_hallway_1m2m_2.pgm
resolution: 0.050000
origin: [-17.150000, -27.250000, -nan]
negate: 0
occupied_thresh: 0.65
free_thresh: 0.196

